benchmark run: 2026-09-15T23:13:37

=== opening (to_move=white, max_allowed=1) ===
depth  cap      nodes   time (s)      score  move
-------------------------------------------------
    1    6          6      0.000      13.00  [0]
    1   10         10      0.000      13.00  [0]
    2    6        132      0.001     -13.00  [0]
    2   10        560      0.006     -13.00  [0]
    3    6       3589      0.042      14.00  [0]
    3   10      50384      0.582      16.00  [0]
    4    6      40759      0.517     -11.00  [0]
    4   10    1164672     14.948      -8.00  [0]
    5    6     374486      5.218      13.00  [0]
    5   10  (skipped -- impractically slow, see SKIP_COMBINATIONS)

=== a few moves in (to_move=white, max_allowed=2) ===
depth  cap      nodes   time (s)      score  move
-------------------------------------------------
    1    6         21      0.000      13.00  [9, 7]
    1   10         55      0.001      13.00  [9, 7]
    2    6        642      0.009      -9.00  [17, 3]
    2   10       8240      0.107     -11.00  [7, 17]
    3    6       7247      0.114      11.00  [9, 10]
    3   10     137370      2.168       8.00  [9, 17]
    4    6      83200      1.318      -9.00  [7, 17]
    4   10    3290066     51.969     -11.00  [9, 10]
    5    6    1018564     18.009      11.00  [9, 10]
    5   10  (skipped -- impractically slow, see SKIP_COMBINATIONS)
